0 1.08659
1 1.07894
2 1.07626
3 1.07527
4 1.07489
5 1.0747
6 1.07458
7 1.07449
8 1.07439
9 1.0743
10 1.07421
11 1.07412
12 1.07402
13 1.07393
14 1.07384
15 1.07375
16 1.07366
17 1.07357
18 1.07348
19 1.07339
20 1.0733
21 1.07322
22 1.07313
23 1.07304
24 1.07295
25 1.07287
26 1.07278
27 1.0727
28 1.07261
29 1.07253
30 1.07244
31 1.07236
32 1.07228
33 1.07219
34 1.07211
35 1.07203
36 1.07194
37 1.07186
38 1.07178
39 1.0717
40 1.07162
41 1.07154
42 1.07145
43 1.07137
44 1.07129
45 1.07121
46 1.07113
47 1.07105
48 1.07097
49 1.07089
50 1.07081
51 1.07073
52 1.07065
53 1.07057
54 1.07049
55 1.07041
56 1.07033
57 1.07025
58 1.07017
59 1.07009
60 1.07
61 1.06992
62 1.06984
63 1.06976
64 1.06968
65 1.06959
66 1.06951
67 1.06943
68 1.06934
69 1.06926
70 1.06917
71 1.06909
72 1.069
73 1.06892
74 1.06883
75 1.06874
76 1.06865
77 1.06856
78 1.06847
79 1.06838
80 1.06829
81 1.0682
82 1.0681
83 1.06801
84 1.06791
85 1.06781
86 1.06771
87 1.06761
88 1.06751
89 1.06741
90 1.0673
91 1.0672
92 1.06709
93 1.06698
94 1.06687
95 1.06675
96 1.06664
97 1.06652
98 1.0664
99 1.06628
100 1.06615
101 1.06602
102 1.0659
103 1.06576
104 1.06563
105 1.06549
106 1.06535
107 1.0652
108 1.06506
109 1.06491
110 1.06475
111 1.06459
112 1.06443
113 1.06427
114 1.0641
115 1.06392
116 1.06375
117 1.06356
118 1.06338
119 1.06318
120 1.06299
121 1.06278
122 1.06258
123 1.06236
124 1.06215
125 1.06192
126 1.06169
127 1.06146
128 1.06121
129 1.06096
130 1.06071
131 1.06044
132 1.06017
133 1.0599
134 1.05961
135 1.05932
136 1.05902
137 1.05871
138 1.05839
139 1.05807
140 1.05773
141 1.05739
142 1.05704
143 1.05667
144 1.0563
145 1.05592
146 1.05553
147 1.05512
148 1.05471
149 1.05429
150 1.05385
151 1.05341
152 1.05295
153 1.05248
154 1.052
155 1.0515
156 1.051
157 1.05048
158 1.04995
159 1.0494
160 1.04885
161 1.04828
162 1.04769
163 1.04709
164 1.04648
165 1.04585
166 1.04521
167 1.04456
168 1.04389
169 1.0432
170 1.0425
171 1.04178
172 1.04105
173 1.0403
174 1.03954
175 1.03876
176 1.03797
177 1.03715
178 1.03633
179 1.03548
180 1.03462
181 1.03374
182 1.03284
183 1.03193
184 1.031
185 1.03005
186 1.02909
187 1.0281
188 1.0271
189 1.02608
190 1.02504
191 1.02399
192 1.02292
193 1.02182
194 1.02071
195 1.01958
196 1.01843
197 1.01727
198 1.01608
199 1.01488
200 1.01366
201 1.01241
202 1.01115
203 1.00987
204 1.00858
205 1.00726
206 1.00592
207 1.00457
208 1.0032
209 1.0018
210 1.00039
211 0.998962
212 0.997514
213 0.996048
214 0.994563
215 0.99306
216 0.991539
217 0.990001
218 0.988444
219 0.986871
220 0.98528
221 0.983672
222 0.982047
223 0.980406
224 0.978749
225 0.977075
226 0.975387
227 0.973683
228 0.971964
229 0.97023
230 0.968483
231 0.966722
232 0.964947
233 0.96316
234 0.961361
235 0.959549
236 0.957727
237 0.955893
238 0.954049
239 0.952196
240 0.950333
241 0.948461
242 0.946582
243 0.944695
244 0.942801
245 0.9409
246 0.938994
247 0.937083
248 0.935168
249 0.933248
250 0.931326
251 0.929401
252 0.927474
253 0.925545
254 0.923616
255 0.921687
256 0.919758
257 0.91783
258 0.915905
259 0.913981
260 0.91206
261 0.910143
262 0.90823
263 0.906322
264 0.904419
265 0.902521
266 0.90063
267 0.898745
268 0.896868
269 0.894998
270 0.893136
271 0.891283
272 0.889439
273 0.887604
274 0.885779
275 0.883963
276 0.882159
277 0.880365
278 0.878582
279 0.87681
280 0.87505
281 0.873302
282 0.871566
283 0.869842
284 0.86813
285 0.866432
286 0.864746
287 0.863073
288 0.861413
289 0.859767
290 0.858133
291 0.856513
292 0.854907
293 0.853314
294 0.851734
295 0.850168
296 0.848616
297 0.847077
298 0.845551
299 0.844039
300 0.84254
301 0.841055
302 0.839583
303 0.838125
304 0.836679
305 0.835247
306 0.833827
307 0.83242
308 0.831026
309 0.829645
310 0.828276
311 0.826919
312 0.825575
313 0.824243
314 0.822922
315 0.821613
316 0.820316
317 0.81903
318 0.817755
319 0.816491
320 0.815239
321 0.813996
322 0.812764
323 0.811543
324 0.810331
325 0.80913
326 0.807938
327 0.806755
328 0.805582
329 0.804418
330 0.803262
331 0.802116
332 0.800977
333 0.799847
334 0.798725
335 0.797611
336 0.796505
337 0.795406
338 0.794314
339 0.793229
340 0.792151
341 0.79108
342 0.790015
343 0.788956
344 0.787903
345 0.786856
346 0.785815
347 0.784779
348 0.783748
349 0.782722
350 0.781701
351 0.780685
352 0.779673
353 0.778666
354 0.777662
355 0.776663
356 0.775667
357 0.774674
358 0.773685
359 0.772699
360 0.771716
361 0.770736
362 0.769758
363 0.768783
364 0.76781
365 0.76684
366 0.765871
367 0.764904
368 0.763939
369 0.762975
370 0.762012
371 0.761051
372 0.76009
373 0.759131
374 0.758172
375 0.757213
376 0.756255
377 0.755298
378 0.75434
379 0.753382
380 0.752424
381 0.751466
382 0.750507
383 0.749548
384 0.748588
385 0.747627
386 0.746664
387 0.745701
388 0.744737
389 0.74377
390 0.742803
391 0.741833
392 0.740862
393 0.739889
394 0.738914
395 0.737936
396 0.736956
397 0.735973
398 0.734988
399 0.733999
400 0.733008
401 0.732014
402 0.731016
403 0.730016
404 0.729011
405 0.728003
406 0.726991
407 0.725975
408 0.724955
409 0.723931
410 0.722902
411 0.721869
412 0.720831
413 0.719788
414 0.71874
415 0.717687
416 0.716629
417 0.715565
418 0.714495
419 0.713419
420 0.712338
421 0.71125
422 0.710156
423 0.709055
424 0.707947
425 0.706833
426 0.705711
427 0.704582
428 0.703445
429 0.702301
430 0.701149
431 0.699988
432 0.698819
433 0.697641
434 0.696455
435 0.69526
436 0.694055
437 0.692841
438 0.691617
439 0.690383
440 0.689139
441 0.687884
442 0.686618
443 0.685342
444 0.684054
445 0.682754
446 0.681442
447 0.680119
448 0.678783
449 0.677434
450 0.676072
451 0.674697
452 0.673308
453 0.671905
454 0.670487
455 0.669055
456 0.667608
457 0.666146
458 0.664668
459 0.663174
460 0.661664
461 0.660137
462 0.658593
463 0.657032
464 0.655453
465 0.653856
466 0.65224
467 0.650606
468 0.648952
469 0.647279
470 0.645586
471 0.643873
472 0.64214
473 0.640385
474 0.638609
475 0.636812
476 0.634993
477 0.633152
478 0.631288
479 0.629401
480 0.627492
481 0.625558
482 0.623602
483 0.621622
484 0.619617
485 0.617589
486 0.615536
487 0.613458
488 0.611356
489 0.609229
490 0.607077
491 0.6049
492 0.602697
493 0.60047
494 0.598218
495 0.59594
496 0.593638
497 0.59131
498 0.588958
499 0.58658
500 0.584179
501 0.581752
502 0.579301
503 0.576826
504 0.574328
505 0.571805
506 0.569259
507 0.56669
508 0.564099
509 0.561484
510 0.558848
511 0.55619
512 0.55351
513 0.550809
514 0.548087
515 0.545346
516 0.542584
517 0.539802
518 0.537002
519 0.534182
520 0.531344
521 0.528489
522 0.525615
523 0.522725
524 0.519818
525 0.516894
526 0.513955
527 0.511
528 0.50803
529 0.505046
530 0.502047
531 0.499035
532 0.496009
533 0.49297
534 0.489919
535 0.486856
536 0.483781
537 0.480694
538 0.477597
539 0.47449
540 0.471372
541 0.468245
542 0.465109
543 0.461965
544 0.458812
545 0.455652
546 0.452485
547 0.44931
548 0.44613
549 0.442944
550 0.439752
551 0.436556
552 0.433356
553 0.430152
554 0.426945
555 0.423735
556 0.420523
557 0.41731
558 0.414096
559 0.410881
560 0.407667
561 0.404453
562 0.401241
563 0.398031
564 0.394823
565 0.391618
566 0.388417
567 0.385221
568 0.382029
569 0.378843
570 0.375663
571 0.37249
572 0.369324
573 0.366166
574 0.363016
575 0.359876
576 0.356745
577 0.353625
578 0.350515
579 0.347417
580 0.344331
581 0.341257
582 0.338197
583 0.335149
584 0.332116
585 0.329098
586 0.326094
587 0.323107
588 0.320135
589 0.31718
590 0.314242
591 0.311321
592 0.308417
593 0.305533
594 0.302666
595 0.299819
596 0.296991
597 0.294183
598 0.291394
599 0.288626
600 0.285879
601 0.283152
602 0.280447
603 0.277763
604 0.2751
605 0.27246
606 0.269841
607 0.267245
608 0.264671
609 0.26212
610 0.259591
611 0.257086
612 0.254603
613 0.252143
614 0.249707
615 0.247293
616 0.244903
617 0.242537
618 0.240193
619 0.237873
620 0.235577
621 0.233303
622 0.231053
623 0.228827
624 0.226624
625 0.224444
626 0.222287
627 0.220153
628 0.218043
629 0.215955
630 0.21389
631 0.211848
632 0.209829
633 0.207833
634 0.205858
635 0.203907
636 0.201977
637 0.200069
638 0.198184
639 0.19632
640 0.194477
641 0.192657
642 0.190857
643 0.189078
644 0.187321
645 0.185584
646 0.183868
647 0.182172
648 0.180496
649 0.178841
650 0.177205
651 0.175589
652 0.173993
653 0.172415
654 0.170857
655 0.169317
656 0.167797
657 0.166294
658 0.16481
659 0.163344
660 0.161896
661 0.160465
662 0.159052
663 0.157657
664 0.156278
665 0.154916
666 0.153571
667 0.152242
668 0.15093
669 0.149633
670 0.148353
671 0.147088
672 0.145838
673 0.144604
674 0.143385
675 0.142181
676 0.140991
677 0.139816
678 0.138655
679 0.137509
680 0.136376
681 0.135257
682 0.134152
683 0.13306
684 0.131981
685 0.130916
686 0.129863
687 0.128823
688 0.127795
689 0.12678
690 0.125777
691 0.124786
692 0.123807
693 0.12284
694 0.121884
695 0.120939
696 0.120006
697 0.119084
698 0.118172
699 0.117272
700 0.116382
701 0.115502
702 0.114633
703 0.113774
704 0.112925
705 0.112086
706 0.111257
707 0.110437
708 0.109627
709 0.108826
710 0.108035
711 0.107252
712 0.106479
713 0.105714
714 0.104958
715 0.104211
716 0.103472
717 0.102742
718 0.102019
719 0.101305
720 0.100599
721 0.099901
722 0.0992107
723 0.0985279
724 0.0978528
725 0.0971853
726 0.096525
727 0.0958721
728 0.0952263
729 0.0945876
730 0.0939558
731 0.0933309
732 0.0927129
733 0.0921015
734 0.0914968
735 0.0908985
736 0.0903067
737 0.0897211
738 0.0891418
739 0.0885688
740 0.0880017
741 0.0874408
742 0.0868856
743 0.0863363
744 0.0857928
745 0.085255
746 0.0847227
747 0.0841961
748 0.0836748
749 0.0831589
750 0.0826483
751 0.0821431
752 0.0816429
753 0.0811478
754 0.0806578
755 0.0801727
756 0.0796926
757 0.0792172
758 0.0787467
759 0.0782808
760 0.0778195
761 0.077363
762 0.0769108
763 0.0764632
764 0.07602
765 0.0755812
766 0.0751466
767 0.0747162
768 0.0742901
769 0.0738681
770 0.0734502
771 0.0730363
772 0.0726263
773 0.0722203
774 0.0718181
775 0.0714198
776 0.0710253
777 0.0706345
778 0.0702474
779 0.0698639
780 0.069484
781 0.0691076
782 0.0687348
783 0.0683654
784 0.0679995
785 0.0676368
786 0.0672775
787 0.0669216
788 0.0665688
789 0.0662193
790 0.0658729
791 0.0655297
792 0.0651896
793 0.0648526
794 0.0645185
795 0.0641874
796 0.0638592
797 0.0635341
798 0.0632118
799 0.0628923
800 0.0625756
801 0.0622617
802 0.0619506
803 0.0616421
804 0.0613363
805 0.0610331
806 0.0607326
807 0.0604347
808 0.0601393
809 0.0598464
810 0.0595561
811 0.0592682
812 0.0589827
813 0.0586997
814 0.058419
815 0.0581408
816 0.0578648
817 0.0575911
818 0.0573197
819 0.0570505
820 0.0567835
821 0.0565188
822 0.0562563
823 0.0559959
824 0.0557376
825 0.0554814
826 0.0552273
827 0.0549752
828 0.0547252
829 0.0544772
830 0.0542312
831 0.0539871
832 0.053745
833 0.0535048
834 0.0532665
835 0.0530301
836 0.0527955
837 0.0525628
838 0.0523319
839 0.0521028
840 0.0518754
841 0.0516499
842 0.0514261
843 0.051204
844 0.0509836
845 0.050765
846 0.0505479
847 0.0503325
848 0.0501188
849 0.0499067
850 0.0496962
851 0.0494873
852 0.0492799
853 0.0490741
854 0.0488698
855 0.0486671
856 0.0484658
857 0.048266
858 0.0480677
859 0.0478709
860 0.0476755
861 0.0474816
862 0.047289
863 0.0470978
864 0.046908
865 0.0467197
866 0.0465326
867 0.0463469
868 0.0461626
869 0.0459795
870 0.0457978
871 0.0456174
872 0.0454382
873 0.0452603
874 0.0450836
875 0.0449082
876 0.044734
877 0.0445611
878 0.0443893
879 0.0442188
880 0.0440493
881 0.0438811
882 0.0437141
883 0.0435482
884 0.0433834
885 0.0432197
886 0.0430572
887 0.0428958
888 0.0427354
889 0.0425762
890 0.042418
891 0.0422609
892 0.0421048
893 0.0419498
894 0.0417958
895 0.0416429
896 0.0414908
897 0.0413399
898 0.0411899
899 0.041041
900 0.040893
901 0.040746
902 0.0405999
903 0.0404548
904 0.0403106
905 0.0401674
906 0.0400251
907 0.0398837
908 0.0397432
909 0.0396036
910 0.0394649
911 0.0393271
912 0.0391902
913 0.0390541
914 0.0389188
915 0.0387845
916 0.038651
917 0.0385183
918 0.0383864
919 0.0382555
920 0.0381253
921 0.0379959
922 0.0378672
923 0.0377394
924 0.0376124
925 0.0374862
926 0.0373607
927 0.037236
928 0.0371121
929 0.0369889
930 0.0368665
931 0.0367447
932 0.0366238
933 0.0365036
934 0.0363841
935 0.0362652
936 0.0361472
937 0.0360298
938 0.0359131
939 0.0357971
940 0.0356818
941 0.0355672
942 0.0354532
943 0.0353399
944 0.0352273
945 0.0351153
946 0.035004
947 0.0348933
948 0.0347833
949 0.034674
950 0.0345652
951 0.034457
952 0.0343495
953 0.0342426
954 0.0341364
955 0.0340307
956 0.0339256
957 0.0338211
958 0.0337172
959 0.0336139
960 0.0335112
961 0.0334091
962 0.0333075
963 0.0332065
964 0.0331061
965 0.0330062
966 0.0329068
967 0.0328081
968 0.0327098
969 0.0326121
970 0.032515
971 0.0324184
972 0.0323223
973 0.0322267
974 0.0321317
975 0.0320372
976 0.0319431
977 0.0318496
978 0.0317567
979 0.0316641
980 0.0315722
981 0.0314806
982 0.0313896
983 0.0312991
984 0.031209
985 0.0311194
986 0.0310303
987 0.0309417
988 0.0308536
989 0.0307659
990 0.0306786
991 0.0305919
992 0.0305055
993 0.0304197
994 0.0303342
995 0.0302492
996 0.0301647
997 0.0300806
998 0.0299969
999 0.0299137
1000 0.0298309
1001 0.0297485
1002 0.0296665
1003 0.029585
1004 0.0295039
1005 0.0294231
1006 0.0293428
1007 0.0292629
1008 0.0291834
1009 0.0291043
1010 0.0290256
1011 0.0289473
1012 0.0288694
1013 0.0287919
1014 0.0287147
1015 0.0286379
1016 0.0285616
1017 0.0284856
1018 0.02841
1019 0.0283347
1020 0.0282598
1021 0.0281853
1022 0.0281111
1023 0.0280374
1024 0.0279639
1025 0.0278909
1026 0.0278181
1027 0.0277458
1028 0.0276738
1029 0.0276021
1030 0.0275308
1031 0.0274598
1032 0.0273892
1033 0.0273189
1034 0.0272489
1035 0.0271793
1036 0.02711
1037 0.027041
1038 0.0269724
1039 0.026904
1040 0.026836
1041 0.0267684
1042 0.026701
1043 0.026634
1044 0.0265672
1045 0.0265008
1046 0.0264347
1047 0.0263689
1048 0.0263034
1049 0.0262382
1050 0.0261733
1051 0.0261087
1052 0.0260444
1053 0.0259804
1054 0.0259167
1055 0.0258533
1056 0.0257901
1057 0.0257273
1058 0.0256647
1059 0.0256025
1060 0.0255405
1061 0.0254788
1062 0.0254173
1063 0.0253562
1064 0.0252953
1065 0.0252347
1066 0.0251744
1067 0.0251143
1068 0.0250545
1069 0.024995
1070 0.0249357
1071 0.0248767
1072 0.0248179
1073 0.0247594
1074 0.0247012
1075 0.0246433
1076 0.0245855
1077 0.0245281
1078 0.0244708
1079 0.0244139
1080 0.0243572
1081 0.0243007
1082 0.0242445
1083 0.0241885
1084 0.0241327
1085 0.0240772
1086 0.024022
1087 0.0239669
1088 0.0239122
1089 0.0238576
1090 0.0238033
1091 0.0237492
1092 0.0236953
1093 0.0236417
1094 0.0235883
1095 0.0235351
1096 0.0234822
1097 0.0234294
1098 0.023377
1099 0.0233246
1100 0.0232726
1101 0.0232207
1102 0.0231691
1103 0.0231177
1104 0.0230665
1105 0.0230155
1106 0.0229647
1107 0.0229141
1108 0.0228638
1109 0.0228136
1110 0.0227636
1111 0.0227139
1112 0.0226644
1113 0.022615
1114 0.0225659
1115 0.022517
1116 0.0224682
1117 0.0224197
1118 0.0223714
1119 0.0223232
1120 0.0222753
1121 0.0222275
1122 0.02218
1123 0.0221326
1124 0.0220854
1125 0.0220384
1126 0.0219916
1127 0.021945
1128 0.0218985
1129 0.0218523
1130 0.0218062
1131 0.0217603
1132 0.0217146
1133 0.0216691
1134 0.0216238
1135 0.0215786
1136 0.0215336
1137 0.0214888
1138 0.0214442
1139 0.0213997
1140 0.0213554
1141 0.0213113
1142 0.0212674
1143 0.0212236
1144 0.02118
1145 0.0211366
1146 0.0210933
1147 0.0210502
1148 0.0210073
1149 0.0209645
1150 0.0209219
1151 0.0208794
1152 0.0208372
1153 0.020795
1154 0.0207531
1155 0.0207113
1156 0.0206696
1157 0.0206281
1158 0.0205868
1159 0.0205456
1160 0.0205046
1161 0.0204638
1162 0.0204231
1163 0.0203825
1164 0.0203421
1165 0.0203018
1166 0.0202617
1167 0.0202218
1168 0.020182
1169 0.0201423
1170 0.0201028
1171 0.0200634
1172 0.0200242
1173 0.0199851
1174 0.0199462
1175 0.0199074
1176 0.0198687
1177 0.0198302
1178 0.0197919
1179 0.0197536
1180 0.0197156
1181 0.0196776
1182 0.0196398
1183 0.0196021
1184 0.0195646
1185 0.0195272
1186 0.0194899
1187 0.0194528
1188 0.0194158
1189 0.0193789
1190 0.0193422
1191 0.0193056
1192 0.0192691
1193 0.0192328
1194 0.0191966
1195 0.0191605
1196 0.0191245
1197 0.0190887
1198 0.019053
1199 0.0190175
1200 0.018982
1201 0.0189467
1202 0.0189115
1203 0.0188764
1204 0.0188414
1205 0.0188066
1206 0.0187719
1207 0.0187373
1208 0.0187029
1209 0.0186685
1210 0.0186343
1211 0.0186001
1212 0.0185662
1213 0.0185323
1214 0.0184985
1215 0.0184649
1216 0.0184314
1217 0.018398
1218 0.0183647
1219 0.0183315
1220 0.0182984
1221 0.0182655
1222 0.0182326
1223 0.0181999
1224 0.0181673
1225 0.0181348
1226 0.0181024
1227 0.0180701
1228 0.0180379
1229 0.0180058
1230 0.0179739
1231 0.017942
1232 0.0179103
1233 0.0178786
1234 0.0178471
1235 0.0178156
1236 0.0177843
1237 0.0177531
1238 0.017722
1239 0.017691
1240 0.01766
1241 0.0176292
1242 0.0175985
1243 0.0175679
1244 0.0175374
1245 0.017507
1246 0.0174767
1247 0.0174465
1248 0.0174164
1249 0.0173863
1250 0.0173564
1251 0.0173266
1252 0.0172969
1253 0.0172673
1254 0.0172377
1255 0.0172083
1256 0.017179
1257 0.0171498
1258 0.0171206
1259 0.0170916
1260 0.0170626
1261 0.0170337
1262 0.017005
1263 0.0169763
1264 0.0169477
1265 0.0169192
1266 0.0168908
1267 0.0168625
1268 0.0168343
1269 0.0168061
1270 0.0167781
1271 0.0167501
1272 0.0167223
1273 0.0166945
1274 0.0166668
1275 0.0166392
1276 0.0166117
1277 0.0165842
1278 0.0165569
1279 0.0165296
1280 0.0165024
1281 0.0164753
1282 0.0164483
1283 0.0164214
1284 0.0163946
1285 0.0163678
1286 0.0163411
1287 0.0163146
1288 0.016288
1289 0.0162616
1290 0.0162353
1291 0.016209
1292 0.0161828
1293 0.0161567
1294 0.0161307
1295 0.0161048
1296 0.0160789
1297 0.0160531
1298 0.0160274
1299 0.0160018
1300 0.0159762
1301 0.0159508
1302 0.0159254
1303 0.0159
1304 0.0158748
1305 0.0158496
1306 0.0158245
1307 0.0157995
1308 0.0157746
1309 0.0157497
1310 0.0157249
1311 0.0157002
1312 0.0156756
1313 0.015651
1314 0.0156265
1315 0.0156021
1316 0.0155777
1317 0.0155535
1318 0.0155293
1319 0.0155051
1320 0.0154811
1321 0.0154571
1322 0.0154332
1323 0.0154093
1324 0.0153855
1325 0.0153618
1326 0.0153382
1327 0.0153146
1328 0.0152911
1329 0.0152676
1330 0.0152443
1331 0.015221
1332 0.0151978
1333 0.0151746
1334 0.0151515
1335 0.0151285
1336 0.0151055
1337 0.0150826
1338 0.0150598
1339 0.015037
1340 0.0150143
1341 0.0149917
1342 0.0149691
1343 0.0149466
1344 0.0149242
1345 0.0149018
1346 0.0148795
1347 0.0148573
1348 0.0148351
1349 0.014813
1350 0.0147909
1351 0.0147689
1352 0.014747
1353 0.0147251
1354 0.0147033
1355 0.0146815
1356 0.0146598
1357 0.0146382
1358 0.0146167
1359 0.0145952
1360 0.0145737
1361 0.0145523
1362 0.014531
1363 0.0145097
1364 0.0144885
1365 0.0144674
1366 0.0144463
1367 0.0144253
1368 0.0144043
1369 0.0143834
1370 0.0143625
1371 0.0143417
1372 0.014321
1373 0.0143003
1374 0.0142797
1375 0.0142591
1376 0.0142386
1377 0.0142182
1378 0.0141977
1379 0.0141774
1380 0.0141571
1381 0.0141369
1382 0.0141167
1383 0.0140966
1384 0.0140765
1385 0.0140565
1386 0.0140365
1387 0.0140166
1388 0.0139968
1389 0.013977
1390 0.0139572
1391 0.0139375
1392 0.0139179
1393 0.0138983
1394 0.0138788
1395 0.0138593
1396 0.0138399
1397 0.0138205
1398 0.0138012
1399 0.0137819
1400 0.0137627
1401 0.0137435
1402 0.0137244
1403 0.0137053
1404 0.0136863
1405 0.0136673
1406 0.0136484
1407 0.0136296
1408 0.0136107
1409 0.013592
1410 0.0135732
1411 0.0135546
1412 0.013536
1413 0.0135174
1414 0.0134989
1415 0.0134804
1416 0.013462
1417 0.0134436
1418 0.0134253
1419 0.013407
1420 0.0133887
1421 0.0133705
1422 0.0133524
1423 0.0133343
1424 0.0133163
1425 0.0132983
1426 0.0132803
1427 0.0132624
1428 0.0132445
1429 0.0132267
1430 0.0132089
1431 0.0131912
1432 0.0131735
1433 0.0131559
1434 0.0131383
1435 0.0131208
1436 0.0131033
1437 0.0130858
1438 0.0130684
1439 0.0130511
1440 0.0130337
1441 0.0130165
1442 0.0129992
1443 0.012982
1444 0.0129649
1445 0.0129478
1446 0.0129307
1447 0.0129137
1448 0.0128967
1449 0.0128798
1450 0.0128629
1451 0.0128461
1452 0.0128293
1453 0.0128125
1454 0.0127958
1455 0.0127791
1456 0.0127625
1457 0.0127459
1458 0.0127293
1459 0.0127128
1460 0.0126963
1461 0.0126799
1462 0.0126635
1463 0.0126472
1464 0.0126308
1465 0.0126146
1466 0.0125983
1467 0.0125822
1468 0.012566
1469 0.0125499
1470 0.0125338
1471 0.0125178
1472 0.0125018
1473 0.0124858
1474 0.0124699
1475 0.0124541
1476 0.0124382
1477 0.0124224
1478 0.0124067
1479 0.012391
1480 0.0123753
1481 0.0123596
1482 0.012344
1483 0.0123284
1484 0.0123129
1485 0.0122974
1486 0.012282
1487 0.0122666
1488 0.0122512
1489 0.0122358
1490 0.0122205
1491 0.0122052
1492 0.01219
1493 0.0121748
1494 0.0121596
1495 0.0121445
1496 0.0121294
1497 0.0121144
1498 0.0120993
1499 0.0120844
1500 0.0120694
1501 0.0120545
1502 0.0120396
1503 0.0120248
1504 0.01201
1505 0.0119952
1506 0.0119805
1507 0.0119658
1508 0.0119511
1509 0.0119365
1510 0.0119219
1511 0.0119073
1512 0.0118927
1513 0.0118783
1514 0.0118638
1515 0.0118494
1516 0.011835
1517 0.0118206
1518 0.0118063
1519 0.011792
1520 0.0117777
1521 0.0117635
1522 0.0117493
1523 0.0117351
1524 0.011721
1525 0.0117069
1526 0.0116928
1527 0.0116788
1528 0.0116648
1529 0.0116508
1530 0.0116369
1531 0.011623
1532 0.0116091
1533 0.0115953
1534 0.0115815
1535 0.0115677
1536 0.011554
1537 0.0115402
1538 0.0115266
1539 0.0115129
1540 0.0114993
1541 0.0114857
1542 0.0114721
1543 0.0114586
1544 0.0114451
1545 0.0114316
1546 0.0114182
1547 0.0114048
1548 0.0113914
1549 0.0113781
1550 0.0113647
1551 0.0113515
1552 0.0113382
1553 0.011325
1554 0.0113118
1555 0.0112986
1556 0.0112855
1557 0.0112724
1558 0.0112593
1559 0.0112462
1560 0.0112332
1561 0.0112202
1562 0.0112072
1563 0.0111943
1564 0.0111814
1565 0.0111685
1566 0.0111557
1567 0.0111429
1568 0.01113
1569 0.0111173
1570 0.0111045
1571 0.0110918
1572 0.0110791
1573 0.0110665
1574 0.0110539
1575 0.0110413
1576 0.0110287
1577 0.0110162
1578 0.0110037
1579 0.0109912
1580 0.0109787
1581 0.0109662
1582 0.0109538
1583 0.0109415
1584 0.0109291
1585 0.0109168
1586 0.0109045
1587 0.0108922
1588 0.01088
1589 0.0108678
1590 0.0108556
1591 0.0108434
1592 0.0108312
1593 0.0108191
1594 0.010807
1595 0.010795
1596 0.0107829
1597 0.0107709
1598 0.0107589
1599 0.010747
1600 0.010735
1601 0.0107231
1602 0.0107112
1603 0.0106994
1604 0.0106876
1605 0.0106757
1606 0.010664
1607 0.0106522
1608 0.0106405
1609 0.0106288
1610 0.0106171
1611 0.0106054
1612 0.0105938
1613 0.0105822
1614 0.0105706
1615 0.010559
1616 0.0105475
1617 0.010536
1618 0.0105245
1619 0.010513
1620 0.0105016
1621 0.0104902
1622 0.0104788
1623 0.0104674
1624 0.0104561
1625 0.0104447
1626 0.0104334
1627 0.0104222
1628 0.0104109
1629 0.0103997
1630 0.0103885
1631 0.0103773
1632 0.0103661
1633 0.010355
1634 0.0103439
1635 0.0103328
1636 0.0103217
1637 0.0103107
1638 0.0102997
1639 0.0102887
1640 0.0102777
1641 0.0102667
1642 0.0102558
1643 0.0102449
1644 0.010234
1645 0.0102232
1646 0.0102123
1647 0.0102015
1648 0.0101907
1649 0.0101799
1650 0.0101692
1651 0.0101584
1652 0.0101477
1653 0.010137
1654 0.0101264
1655 0.0101157
1656 0.0101051
1657 0.0100945
1658 0.0100839
1659 0.0100734
1660 0.0100628
1661 0.0100523
1662 0.0100418
1663 0.0100314
1664 0.0100209
1665 0.0100105
1666 0.0100001
1667 0.00998966
